2050
1331
39.4

2100
1325
39.3

2150
1317
39.2

2200
1309
39.2

2250
1303
39.1

2300
1295
39.0

2350
1288
38.9

2400
1280
38.8

2450
1272
38.7

2500
1264
38.6

2550
1256
38.5

2600
1248
38.4

2650
1241
38.3

2700
1231
38.1

2750
1223
38.0

2800
1216
37.9

2850
1206
37.8

2900
1197
37.7

2950
1188
37.5

3000
1180
37.4

3050
1170
37.2

3100
1159
37.0

3150
1150
36.9

3200
1141
36.7

3250
1131
36.5

3300
1120
36.3

3350
1109
36.1

3400
1097
35.9

3450
1086
35.7

3500
1075
35.5

3550
1062
35.3

3600
1050
35.0

3650
1036
34.7

3700
1022
34.4

3750
1006
34.0

3800
988
33.6

3850
972
33.3

3900
950
32.8

3950
928
32.2

4000
900
31.5

4050
862
30.5
